2 0.360015 0.172905 0.149469 0.129373
2 0.522762 0.178600 0.132018 0.137510
2 0.350910 0.306753 0.128225 0.069976
2 0.348634 0.398291 0.131259 0.113100
2 0.438923 0.480472 0.059939 0.111473
0 0.400986 0.294548 0.038695 0.039056
0 0.472686 0.236778 0.039454 0.039056
2 0.545524 0.457689 0.144158 0.152156
0 0.399090 0.358015 0.037936 0.040683
2 0.445751 0.184296 0.028073 0.054516
0 0.584977 0.326688 0.037936 0.043124
2 0.320561 0.255085 0.066009 0.033360
2 0.373672 0.255899 0.040212 0.034988
1 0.279590 0.382018 0.026555 0.067535
2 0.455235 0.405614 0.077390 0.038242
0 0.297420 0.543124 0.042489 0.051261
0 0.476100 0.362490 0.037178 0.039870
0 0.512140 0.514239 0.036419 0.045566
0 0.620637 0.264036 0.040971 0.044752
1 0.283384 0.292921 0.018968 0.047193
1 0.688543 0.540277 0.082701 0.024410
0 0.404021 0.441416 0.023520 0.026851
2 0.729135 0.390561 0.227618 0.281530
0 0.804628 0.454028 0.043247 0.042311
2 0.807284 0.519121 0.072838 0.060212
1 0.577769 0.539056 0.041730 0.021969
2 0.408574 0.647681 0.260243 0.258747
2 0.559181 0.294142 0.141123 0.098454
2 0.453718 0.440602 0.027314 0.028478
0 0.450303 0.441823 0.031108 0.030919
1 0.351290 0.772579 0.098634 0.018714
1 0.846358 0.391375 0.018968 0.040683
1 0.542868 0.602116 0.020486 0.045566
1 0.466237 0.774614 0.022003 0.014646
0 0.396813 0.213995 0.040971 0.043938
1 0.394917 0.099675 0.047800 0.020342
1 0.589150 0.179414 0.020486 0.064280
1 0.765175 0.239219 0.082701 0.019528
