2 0.468786 0.237999 0.124572 0.143606
2 0.257127 0.462687 0.166477 0.288826
2 0.706670 0.231948 0.221779 0.143606
2 0.234607 0.240420 0.129418 0.145220
2 0.390108 0.508269 0.094356 0.201694
2 0.597919 0.385236 0.176454 0.129891
0 0.576397 0.294877 0.046750 0.038725
0 0.418900 0.297096 0.042474 0.030254
0 0.423176 0.421743 0.042474 0.031061
0 0.471636 0.438483 0.048746 0.044373
0 0.390108 0.603066 0.065849 0.030658
1 0.694983 0.384429 0.026796 0.050827
0 0.498147 0.176281 0.069840 0.033885
0 0.521380 0.335014 0.042759 0.033481
1 0.572121 0.153288 0.042189 0.016136
0 0.605758 0.438282 0.076397 0.026220
0 0.225912 0.603671 0.074971 0.035095
0 0.327822 0.361436 0.047891 0.063735
1 0.338369 0.155103 0.038769 0.015732
0 0.608609 0.286809 0.041049 0.029851
0 0.353193 0.219242 0.103763 0.105284
0 0.354333 0.255748 0.040479 0.034691
1 0.699971 0.154296 0.040764 0.015732
1 0.758552 0.315853 0.041049 0.016942
1 0.181727 0.407826 0.048176 0.049213
1 0.825257 0.231545 0.017674 0.109722
0 0.181300 0.246067 0.047320 0.045986
2 0.565422 0.233562 0.058438 0.148447
2 0.414624 0.360226 0.143957 0.092779
