2 0.484671 0.601625 0.210972 0.097206
2 0.707342 0.613883 0.141589 0.087514
2 0.453409 0.676596 0.138766 0.054447
2 0.678298 0.431157 0.190803 0.119441
0 0.544574 0.660490 0.039532 0.030217
0 0.657120 0.606471 0.043566 0.028221
2 0.706535 0.344356 0.139169 0.055302
0 0.288221 0.507554 0.041549 0.049886
0 0.662566 0.327252 0.048810 0.038769
0 0.657322 0.688284 0.046390 0.030502
0 0.708552 0.523090 0.048003 0.033067
0 0.505446 0.687144 0.045180 0.028791
0 0.661759 0.359892 0.043969 0.029932
2 0.613957 0.714652 0.053247 0.026796
2 0.682937 0.555017 0.087132 0.030217
0 0.337434 0.541762 0.063332 0.024800
0 0.402380 0.604048 0.039935 0.045040
1 0.781969 0.719498 0.024607 0.049601
1 0.781363 0.428877 0.023397 0.047035
1 0.780153 0.610604 0.020976 0.035918
2 0.485680 0.752708 0.198467 0.097777
0 0.657927 0.759692 0.038725 0.026796
2 0.709157 0.722777 0.141186 0.137115
1 0.375958 0.240450 0.025010 0.071551
1 0.377572 0.689994 0.024203 0.030502
0 0.289028 0.341648 0.038322 0.046465
0 0.618395 0.551881 0.041146 0.030217
0 0.569786 0.758694 0.041549 0.027651
2 0.429810 0.433438 0.302945 0.242018
1 0.377975 0.604048 0.025817 0.050171
1 0.500807 0.803592 0.073820 0.014823
0 0.381807 0.604475 0.036708 0.048746
0 0.782372 0.353193 0.027834 0.030217
0 0.543768 0.715792 0.039532 0.029076
2 0.614159 0.733609 0.052844 0.023660
2 0.614764 0.759407 0.054054 0.075257
1 0.780960 0.353193 0.029044 0.029647
0 0.534288 0.119156 0.041549 0.018814
