2 0.321977 0.418947 0.362057 0.201778
2 0.722111 0.401163 0.220441 0.160739
2 0.556780 0.374487 0.103540 0.115595
2 0.752505 0.642613 0.167669 0.201778
2 0.089512 0.412107 0.102872 0.193570
0 0.164329 0.439466 0.060120 0.056772
0 0.692051 0.558482 0.046760 0.049932
0 0.645291 0.558140 0.044088 0.047880
0 0.669005 0.459986 0.048764 0.048564
0 0.111556 0.484952 0.052104 0.060192
2 0.126921 0.268126 0.216433 0.058824
2 0.625251 0.453830 0.040080 0.062244
0 0.585504 0.462722 0.044756 0.047196
2 0.779893 0.509576 0.091516 0.051984
2 0.584836 0.641929 0.159653 0.207250
2 0.528390 0.459644 0.046760 0.054720
1 0.587174 0.754788 0.074816 0.028044
1 0.750167 0.753078 0.077488 0.028728
2 0.365063 0.643639 0.259853 0.231190
1 0.303941 0.756156 0.088176 0.028044
0 0.530394 0.508208 0.048096 0.050616
1 0.403474 0.311218 0.112224 0.021888
0 0.452238 0.665185 0.041416 0.040356
0 0.112558 0.346785 0.046092 0.042408
1 0.106212 0.309166 0.046760 0.025992
1 0.263193 0.303352 0.045424 0.022572
1 0.402472 0.303694 0.103540 0.019152
1 0.544756 0.303352 0.046092 0.019836
1 0.718771 0.300274 0.069472 0.024624
1 0.126921 0.830369 0.132265 0.009576
2 0.125585 0.673735 0.191049 0.307798
