2 0.692219 0.184263 0.168721 0.117530
2 0.508475 0.389774 0.132512 0.155378
2 0.520416 0.181275 0.164099 0.110226
2 0.691063 0.449535 0.155624 0.061089
2 0.511556 0.273240 0.132512 0.073705
2 0.715716 0.263612 0.109399 0.045153
2 0.324730 0.603586 0.184129 0.196547
0 0.631741 0.301461 0.040062 0.033201
2 0.577812 0.518260 0.073960 0.035193
0 0.558937 0.267264 0.040832 0.032537
0 0.448382 0.643426 0.049307 0.043825
0 0.556240 0.447875 0.044684 0.039177
0 0.632897 0.461155 0.045455 0.035193
1 0.435670 0.178619 0.025424 0.057105
2 0.449923 0.683267 0.086287 0.049137
2 0.339368 0.456507 0.219569 0.097610
2 0.647535 0.266268 0.033128 0.038513
0 0.760401 0.564409 0.046225 0.033201
0 0.594376 0.401726 0.036210 0.033201
1 0.316641 0.702855 0.090909 0.021912
1 0.567026 0.702191 0.058552 0.024568
1 0.665254 0.118858 0.057781 0.014608
2 0.552773 0.657371 0.128659 0.091633
1 0.778505 0.326693 0.019260 0.051793
0 0.580894 0.221116 0.033898 0.027888
2 0.301618 0.350266 0.253467 0.117530
1 0.506934 0.710823 0.026194 0.020584
2 0.568567 0.499004 0.089368 0.053785
2 0.510015 0.522244 0.060092 0.027224
0 0.458783 0.450199 0.037750 0.033201
1 0.689908 0.747676 0.087057 0.017264
1 0.439522 0.371182 0.019260 0.058433
2 0.540447 0.489044 0.131741 0.052457
2 0.548921 0.581341 0.142527 0.069721
1 0.435670 0.267596 0.019260 0.038513
2 0.694145 0.352922 0.161787 0.130810
2 0.703775 0.617198 0.150231 0.264940
