2 0.312561 0.493791 0.354430 0.143170
2 0.704966 0.481373 0.210321 0.119795
2 0.086173 0.489408 0.100292 0.134405
2 0.541383 0.463842 0.101266 0.084733
0 0.649951 0.524836 0.047712 0.037253
0 0.158715 0.507670 0.056475 0.042367
2 0.730282 0.652301 0.169426 0.144631
0 0.671373 0.593864 0.045764 0.036523
0 0.107595 0.539810 0.053554 0.042367
0 0.626095 0.594229 0.044791 0.035793
2 0.569620 0.651936 0.151899 0.145362
0 0.568160 0.524836 0.043817 0.035793
0 0.514606 0.558437 0.049659 0.035793
1 0.570594 0.733382 0.077897 0.023375
1 0.729309 0.733382 0.074002 0.021914
2 0.354917 0.644631 0.273612 0.158510
1 0.292600 0.733747 0.092502 0.022644
0 0.107108 0.437546 0.048685 0.039445
2 0.606621 0.520088 0.040896 0.048210
2 0.753651 0.560628 0.085686 0.038714
0 0.438656 0.669467 0.047712 0.029949
1 0.393379 0.418919 0.116845 0.016801
2 0.444985 0.709277 0.077897 0.051132
1 0.702532 0.413075 0.071081 0.019722
0 0.607108 0.520453 0.037975 0.043097
2 0.121227 0.673850 0.187926 0.221329
1 0.124148 0.785610 0.127556 0.015340
