2 0.582695 0.341220 0.139976 0.125998
2 0.725494 0.340080 0.154498 0.128848
2 0.244252 0.449829 0.164986 0.081528
2 0.424566 0.325114 0.184349 0.096636
0 0.672449 0.390536 0.043566 0.030217
0 0.533683 0.387970 0.043566 0.029076
0 0.493142 0.361887 0.044776 0.032782
2 0.566156 0.494869 0.461880 0.182440
1 0.406212 0.588512 0.075837 0.017959
1 0.332392 0.317845 0.025817 0.046750
0 0.360428 0.472206 0.045583 0.031072
0 0.454215 0.414766 0.039532 0.026226
1 0.582493 0.273518 0.071803 0.020810
0 0.499395 0.573119 0.053247 0.041334
1 0.332997 0.388255 0.023800 0.028506
1 0.803752 0.334236 0.026220 0.049886
1 0.802945 0.480188 0.026220 0.049316
0 0.299314 0.472349 0.036305 0.031357
2 0.404800 0.401511 0.135135 0.055017
1 0.643001 0.587657 0.133118 0.014538
